1.111210254123683328e+01
5.964665803003153854e+00
1.303866143850025949e+01
6.698483131319684425e+00
2.094868622459211949e+01
4.737837304385101866e+00
5.615446400817866390e+00
6.978194398663934095e+00
9.181269537572863015e+00
4.995111992403425738e+00
3.743308929794262774e+00
5.291180735493180798e+00
6.977912017751113360e+00
7.473417492136809059e+00
6.538198189364425872e+00
6.980913702157920397e+00
6.281497731477930557e+00
1.509392586991665830e+01
7.663547289189446055e+00
8.771511923616401418e+00
5.458984162138418306e+00
1.150572410647180810e+01
8.460298832136226466e+00
6.551885018869083588e+00
4.987221375531866840e+00
4.137170837434549497e+00
1.495256284480945475e+01
4.112701245347999190e+00
1.695111666573714615e+01
3.698584514978974003e+00
1.016222656815613234e+01
6.987811745991482582e+00
6.984029963237406768e+00
1.307796083437747647e+01
9.769863868877923352e+00
1.402914414045554636e+01
6.757481174038090010e+00
6.022123443593451420e+00
1.025387015452127137e+01
3.839687931665356491e+00
3.175145152746286836e+00
1.505415994865848894e+01
5.054704158169841754e+00
8.259622159300846533e+00
1.874001300399788761e+01
1.078132775193078530e+01
1.050378916362176440e+01
5.351151662153717403e+00
6.297886853680722652e+00
1.203373525306778724e+01
5.792107192289909001e+00
9.932914863586447041e+00
1.000173087181871878e+01
4.971407570910345797e+00
1.275735350008908853e+01
6.311753674953791915e+00
5.465055572110063764e+00
1.018076812648138407e+01
1.013782845850580827e+01
1.033922399650447232e+01
5.943967769564705073e+00
6.559893773028007580e+00
1.579693447339020373e+01
5.722642461321420626e+00
1.834659455248565507e+01
4.840640984937526703e+00
8.764608130837697075e+00
4.568204209936540749e+00
1.517559966070169430e+01
8.694767997227156542e+00
4.149247099001399874e+00
1.633839720136399620e+01
7.127911543497064351e+00
1.212363373875798267e+01
1.276812873448816532e+01
1.551679217438147695e+01
4.234105290003032707e+00
1.412498876173500939e+01
5.345095162536662059e+00
5.816362069232199339e+00
1.039879980616384714e+01
1.175908327171277179e+01
1.451491240455702858e+01
3.416464904172178851e+00
3.609216545161522571e+00
7.484754659276575239e+00
2.609274164696141796e+01
2.604731179377079098e+00
1.881109784386939765e+01
7.142266216094804498e+00
4.594812769509252881e+00
5.067768237454918001e+00
6.152390315733704540e+00
4.660859341574799863e+00
1.601065574610576547e+01
5.561771030899994805e+00
6.450638740332649945e+00
9.329956693513540955e+00
9.233790062499647178e+00
1.641044809910700408e+01
7.247605147368098244e+00
1.956359456249963102e+01
1.260261114941434535e+01
1.232461292106973083e+01
8.452496580649395241e+00
2.883215382935437887e+00
8.414491450991206989e+00
4.869720937185745058e+00
7.006621877142210408e+00
9.923114466374101994e+00
6.147172283462730924e+00
1.100017671506237882e+01
4.459641066919921570e+00
1.053319172393937997e+01
1.381400195611930570e+01
2.180073913832562127e+01
1.594103162756195324e+01
1.412360132510269750e+01
6.257818646815432650e+00
9.070544943451881892e+00
6.510751996593136859e+00
9.146597880644860012e+00
4.537569311269052719e+00
7.292727943391030365e+00
4.119725125493009621e+00
1.356977204656784508e+01
1.185596303978062949e+01
1.581218153183424668e+01
1.005827967153977909e+01
6.133706112842693514e+00
3.796624487991006269e+00
5.344683610716135291e+00
4.283706317924322882e+00
1.730815783812358788e+01
7.568932906649827430e+00
1.469474282530400977e+01
1.771261729379190442e+01
6.532083013278507266e+00
1.196830375440212535e+01
1.248592692321097175e+01
1.513894040291350684e+01
8.972389493545867012e+00
1.364709145026175108e+01
1.220265395789838792e+01
1.972333013986035866e+01
8.935254647123855420e+00
1.729775600381452705e+01
1.431246311892808798e+01
4.262630669166751929e+00
7.822890080229887744e+00
8.600114607003659373e+00
8.441075093732811396e+00
1.528818771887338279e+01
1.350971598656202843e+01
1.247893041781528289e+01
5.623090656458472836e+00
5.810151566488861441e+00
6.016998520769117675e+00
3.137828464833634978e+00
3.667953156686873051e+00
3.144938678191701253e+00
7.765943442415611742e+00
8.345052922555368013e+00
6.361674058543447252e+00
5.600205122438015160e+00
1.248032516559145932e+01
1.501666579327998896e+01
7.681301330922513770e+00
1.158459086532080207e+01
1.003983098758598302e+01
1.839804730940112520e+01
8.637694110118042445e+00
3.372747718197124822e+00
1.094532189742447059e+01
1.756146075465096601e+01
4.608354152070327281e+00
1.969952693477402050e+01
1.229625908918600885e+01
4.930449941106116896e+00
8.882592519217014981e+00
1.571328980976573142e+01
1.422088430570884121e+01
9.123030769598850398e+00
5.835864852000729464e+00
8.315560546981089374e+00
6.577137171823713935e+00
8.793885431191588609e+00
8.765752378320151195e+00
7.374326508504676525e+00
3.480096652514092614e+00
8.480883213421311240e+00
1.652259504264785761e+01
6.212052405312705972e+00
3.879048940111990529e+00
4.972632592399261142e+00
5.159435093557977581e+00
1.338953431476475586e+01
1.203464211624719660e+01
9.466957672992535322e+00
1.361227864639534069e+01
4.529369013618905093e+00
2.894055621289695512e+00
4.043581237845156551e+00
8.013426559262912363e+00
9.494901979510807166e+00
5.540649355672043086e+00
1.005052534618747551e+01
5.223176706362036015e+00
6.238309180057085790e+00
5.170870998419670350e+00
9.647748335375380790e+00
4.670392152151322307e+00
6.329025836787427473e+00
7.359374706345727546e+00
3.352702759215863360e+00
7.078160640118513314e+00
3.609471369919963646e+00
6.594301010164151933e+00
3.838563773904464238e+00
5.097576108126661509e+00
1.024207029243670597e+01
1.579152219529841616e+01
1.213452413403902064e+01
6.772360323295152362e+00
6.383123495763041610e+00
1.134050303721146236e+01
1.174302503146670240e+01
8.011465243726538787e+00
4.592660187596750099e+00
1.133450837410731538e+01
8.080738015405243502e+00
4.534713891768368477e+00
9.893217836112475183e+00
1.017346654687524499e+01
3.881127570020211692e+00
6.887868917886832421e+00
4.866420158152445552e+00
9.051585113100728108e+00
9.836056281460848538e+00
2.215804040806081687e+01
9.356084678859833303e+00
4.215586503700841980e+00
8.658231530012939103e+00
9.772012057371663118e+00
1.052272637470681360e+01
1.096017481336780008e+01
8.371181277757532513e+00
5.648124045322226117e+00
1.149612423369665848e+01
6.912758410725672320e+00
