1.861041778079072506e-01
1.230927356643311266e-01
1.218091465422865283e-01
1.238732152054458913e-01
9.448273656261308995e-01
9.157878718632063153e-01
3.102080245716460905e-01
9.574688876481801669e-03
2.286000978733354339e-01
1.903914835369945047e-01
1.708497710883765952e-01
1.214242859568016447e-01
8.254740549832699781e-01
9.271977763141009410e-02
8.505976262641109509e-01
4.045809964910204032e-02
2.925003215898375752e-01
1.521536163851588686e-01
2.718314653063725883e-01
6.350556496424948627e-02
1.461447099276410311e-01
2.220481523480846153e-01
1.227651292985176279e-01
4.521501132402749173e-02
2.223477478343406366e-01
2.233450285302222282e-01
3.791307754861615309e-01
9.899107227609305060e-02
9.939274320908576821e-02
1.160643711577345055e-01
4.126603449057322792e-01
5.830991148411659442e-01
7.093514040645969299e-02
1.859939551845045946e-01
7.474628432226036734e-02
2.909876424714489263e-01
3.646674904257809491e-01
2.817764848709028436e-01
1.048538379838307444e-01
1.853244887009948896e-02
2.295691136814826394e-01
6.891226171658305921e-02
2.039506731835061815e-01
3.164128775796586912e-01
9.002425533393906831e-02
2.247332190212991132e-01
2.571743473740598085e-01
3.752422546869663839e-02
1.421352076180497359e-01
1.579219822137882256e-01
9.309782571765644610e-01
7.349183073671344824e-01
7.822625729953375240e-01
8.582307095531220842e-01
5.862233928102410507e-01
8.440585952052666041e-01
9.087604714826290619e-01
6.668461093456101718e-01
6.500506807986713431e-01
9.559643396959958128e-01
8.952436208759426695e-01
4.230437347744386845e-01
9.769287510807893593e-01
6.745441625317892820e-01
5.099141761921935911e-01
9.790826858680892197e-01
9.517954727162912798e-01
8.114967203373619764e-01
9.012261453662895327e-01
4.221217911998643713e-01
6.246476592034891917e-01
4.784748455791316135e-01
3.515876067972856234e-01
9.844868525243738455e-01
2.585236591726093880e-01
8.455745261971882032e-01
8.233733406127138332e-01
7.239759047090894573e-01
8.479910479100136178e-02
7.622476708684714497e-01
7.525384694119046092e-01
8.893446556387563096e-01
8.921537643409181984e-01
9.619241477814967078e-01
7.655574476223955260e-01
9.541481750990860045e-01
9.954763888299801300e-01
4.099918426037802432e-01
9.805746265882105961e-01
8.966215001141091268e-01
7.343845889398006310e-01
4.907740428377503350e-01
5.641382244872471530e-01
8.599048239891436962e-01
2.201226009789309657e-01
9.470445793633378573e-01
8.900710341588594643e-01
6.724191146635802863e-01
8.263070334445755671e-01
9.784147654165373797e-01
