8.474020714520277830e-02
4.331896249339208249e-01
2.300560239835634513e-01
6.397609740582523019e-02
4.268606760167584224e-01
1.804910685773501999e-01
9.992316839350646740e-01
1.846204597702682249e-01
4.724714423203577041e-02
3.048418200776168985e-01
8.030917679507461049e-01
6.578462102920178134e-02
2.563484643398257212e-01
1.808505418367128414e-01
9.245979319187137557e-01
6.281380043653304879e-02
2.214084320661230676e-01
3.280036705658876950e-01
7.859496180777345575e-01
1.800020962338255703e-01
2.483602728592402553e-01
4.653863691592579482e-02
2.072534997728952555e-01
3.846612842491060613e-01
1.195107632321946167e-01
3.141302087072233573e-01
3.948807252081774632e-01
3.655262552371731088e-02
3.285305725511700886e-02
1.305667259870640362e-01
4.870705001012937824e-02
8.629878458270691388e-02
4.249038417910217663e-02
2.362616494830843961e-01
7.402333352158539936e-01
3.767907856951783208e-01
7.560986186208620841e-02
5.089580333912171461e-01
1.084933418956215284e-01
5.081437484252331743e-02
2.487837314121296717e-01
4.655114669788359971e-01
8.430606452607117274e-02
9.946332005527981635e-02
8.908695225229311676e-01
4.483453443180579479e-02
1.764090295596936475e-01
8.896140065206629977e-02
7.338697206863110944e-02
2.602511184599017313e-01
9.993829206981694746e-01
2.050364357432547247e-01
9.989852350235290945e-01
4.198566160935811031e-01
8.175669428656670013e-01
8.969132042755441070e-01
6.756443551760918931e-01
5.674653952764361353e-01
6.348911967014320146e-01
9.322351051710561221e-01
8.174899565780660016e-01
8.169912679323507732e-01
1.858921530764884034e-01
8.791528950648616059e-01
9.508093190775123160e-01
6.698698621238373674e-01
8.144576876635941654e-01
9.966276524961399375e-01
3.922364329999323274e-01
9.326744276817841017e-01
9.729064404102494290e-01
3.221488069435097246e-01
6.282787313174389432e-01
4.435841649893987881e-01
7.902441151657675356e-01
9.853842656078287687e-01
7.370277048449479507e-01
4.942898275928841456e-01
9.763103942972786164e-01
2.607466039480997311e-01
1.645124824884625359e-01
9.996683095765755978e-01
9.536700371288392430e-01
9.262560383231723815e-01
5.212676026069146262e-01
8.653696254753588946e-01
7.997747824077954260e-01
6.467068314406904106e-01
7.425420394341782915e-01
9.998089992767189571e-01
2.462337734552823565e-01
6.901364332634177812e-01
6.689664841680584839e-01
7.740134702273980816e-01
8.157393950252945780e-01
5.444341397837262342e-01
5.382131563379394246e-01
7.141116733399830441e-01
9.958694326620315396e-01
4.266220744191795977e-01
