3.519711733324724090e-01
5.265228609662781639e-02
4.754200163450063993e-02
7.784218113304197662e-02
7.929950051271647538e-02
1.670283998283495497e-01
9.180020911782538207e-02
5.899012276284523390e-03
1.426772114241624256e-01
3.069967737558514792e-02
6.039146840037176722e-02
6.487394835085127931e-02
8.053548208234476147e-02
8.203483293852605052e-02
2.679182263778062331e-02
4.901683725808485548e-01
2.384750289934834885e-02
4.820095347843401934e-02
1.182885851776196290e-01
1.715342307423359941e-02
1.806697353211805801e-02
1.557989521349181228e-01
9.186784637847898727e-02
1.226152506021193911e-01
9.375757786000069038e-03
1.143191520817505094e-02
3.960145352120242324e-02
2.686203560430005521e-01
2.318118834560808569e-02
6.099502889941929018e-01
1.015114015935928288e-01
2.234711681166032596e-02
9.812123270569291650e-03
2.651558949062137252e-02
2.275190738287521386e-01
8.344043177307258752e-02
2.274671432609906563e-01
3.049596302302984840e-01
3.126589691216790506e-02
3.224938831091842678e-02
8.323733643890658673e-02
3.574940532092604067e-02
1.498896256776278621e-02
1.233487970467503914e-01
7.818749676776057256e-02
1.259463587467091472e-01
2.239287404065987488e-02
8.063688600081567182e-03
5.802015166856752670e-02
1.136864624641326538e+00
7.413704785921076956e-02
1.414533409315887891e-01
3.512749002662837045e-02
1.384702482306432447e-01
8.315875772859424031e-02
1.080181022147425063e-02
8.557569811193124765e-02
6.649351089310454044e-02
1.163313650312497033e-01
6.781377851051755001e-02
3.732921192395455973e-02
2.725898084902414475e-02
6.054088883535038539e-03
1.271952781963592738e+00
7.740186986345339859e-01
6.289821386293623640e-01
5.980914772308065785e-01
7.750482671250955580e-01
7.245052095714131779e-01
1.469093810407503531e+00
2.174689729983595665e+00
1.199372908112934288e+00
1.155241757888132881e+00
9.042247723234418944e-01
1.219029680065895072e+00
5.880772338173808622e-01
8.944304899443005219e-01
7.508766988091543082e-01
9.888504447721081503e-01
4.142026730968746406e-01
9.177414627610755993e-01
2.218902886756145776e+00
1.211653825976082954e+00
1.005459504222666389e+00
6.303205500423387786e-01
5.559808598952860059e-01
7.058217231064674024e-01
1.080030847660848448e+00
1.600005676331025084e+00
9.625958908980453144e-01
6.374091205239692526e-01
9.348596319101919461e-01
7.405420105233433414e-01
1.002676614701477620e+00
8.007223012591776490e-01
1.408025001778757224e+00
1.163900217293289741e+00
6.332090854972232119e-01
1.132542000310376995e+00
1.341417789204321753e+00
1.689274205988897659e+00
9.321588525607105158e-01
8.450412616902676088e-01
1.322697646152339646e+00
4.534450901817472790e-01
8.564216585229521561e-01
8.937538827197906155e-01
1.181871795414085824e+00
7.132330752319659961e-01
5.593610944061325752e-01
1.306185417122100345e+00
5.148512548841074343e-01
1.090420904041637495e+00
5.795237358680201956e-01
4.531301389102863064e-01
1.223742740617562275e+00
1.521851784960825293e+00
7.164928926707864187e-01
1.253932556335509707e+00
9.184267516684596622e-01
8.129287974133528882e-01
8.280652163188663151e-01
6.707809242572925212e-01
1.098684155146893771e+00
1.594195326320677841e+00
3.297600384500123383e-01
