6.045063560310622031e-02
9.042968293006220168e-03
8.165282939051225070e-03
1.336930317807471721e-02
1.361959606980205420e-02
2.868693148303902776e-02
1.576657808970241895e-02
1.013148429616086803e-03
2.450464347693119202e-02
5.272633530165315822e-03
1.037216376341968185e-02
1.114202442990303889e-02
1.383187445263193982e-02
1.408938620108017049e-02
4.601464069018143185e-03
8.418584225095902818e-02
4.095780612268471420e-03
8.278457144258037290e-03
2.031592556537234126e-02
2.946080265007723024e-03
3.102981483115317598e-03
2.675828703152724475e-02
1.577819470977459906e-02
2.105902527003461477e-02
1.610275387209349858e-03
1.963418009355601124e-03
6.801503127366182247e-03
4.613523063547419339e-02
3.981341870300386665e-03
1.047582457020366786e-01
1.743446399088591919e-02
3.838091064024916517e-03
1.685220646639870633e-03
4.554021350450251394e-03
3.907613369173952578e-02
1.433079614993146983e-02
3.906721467772286682e-02
5.237645829391847363e-02
5.369881070505761779e-03
5.538794563056181203e-03
1.429591476483927856e-02
6.139918373490471475e-03
2.574336715343820622e-03
2.118501101029424821e-02
1.342861073273832542e-02
2.163113918122961873e-02
3.845949814360264968e-03
1.384929045652275167e-03
9.964892900023034766e-03
1.952551639487192237e-01
1.273295089025328237e-02
2.429444515736006380e-02
6.033105152181365144e-03
2.378210248984051478e-02
1.428241896363976852e-02
1.855198217995670520e-03
1.469752563559874152e-02
1.142018239423642050e-02
1.997977530413630118e-02
1.164693680677299920e-02
6.411248301958358958e-03
4.681697943086590014e-03
1.039782654762166523e-03
2.184563962975673568e-01
1.329368023470174631e-01
1.080269435225311714e-01
1.027215087107458263e-01
1.331136295259653934e-01
1.244329187577617041e-01
2.523151363757707433e-01
3.735004067872263467e-01
2.059908882142643671e-01
1.984114149985262143e-01
1.552995425662125617e-01
2.093669157088210164e-01
1.010015741669757355e-01
1.536173860717199580e-01
1.289621910590364184e-01
1.698339024100224692e-01
7.113882259204222513e-02
1.576210182725016062e-01
3.810939645312174662e-01
2.081001214323939252e-01
1.726864888620601723e-01
1.082568141106445003e-01
9.548905964547305114e-02
1.212240519025742647e-01
1.854940295078887913e-01
2.747990955822544046e-01
1.653247136201100864e-01
1.094742677648027351e-01
1.605610437172788341e-01
1.271872204848208954e-01
1.722085308555100780e-01
1.375231147324003922e-01
2.418266402237150281e-01
1.998984952313469232e-01
1.087529166822176901e-01
1.945127582971276359e-01
2.303869296992612503e-01
2.901308606983588056e-01
1.600971880362748734e-01
1.451348441304713410e-01
2.271717671183062504e-01
7.787866163318420132e-02
1.470894139193486827e-01
1.535011795756366926e-01
2.029850926646167841e-01
1.224969429249354175e-01
9.606961095237002979e-02
2.243358111772236485e-01
8.842509829463288118e-02
1.872785094873827827e-01
9.953252094090288271e-02
7.782456912224484935e-02
2.101763783227240390e-01
2.613762565370750801e-01
1.230568127411508506e-01
2.153614437120611180e-01
1.577387158374211895e-01
1.396195661094276619e-01
1.422192282775815442e-01
1.152058358582952052e-01
1.886977131588975787e-01
2.738011747926725192e-01
5.663589927570039650e-02
