1.365279438966652548e-01
2.358426535467182043e-04
3.702617148931056622e-05
9.068694150382258269e-05
2.788513039107850373e-04
2.542707653044116566e-03
7.366885736331673252e-04
1.010012732504422612e-07
7.328115455916103978e-04
6.121079372657643859e-06
1.482494254969876429e-04
3.940172043722999320e-04
2.375819306879081976e-03
4.539347321126716689e-04
7.177286384947920111e-06
8.907728190779221067e-02
3.063868720207277389e-05
2.059947159335428303e-05
2.555286913616372588e-03
2.365332826599926225e-06
1.075675779767207129e-06
1.090859392057821984e-03
6.220005150957757601e-04
1.377868003608967787e-02
2.359489144160176345e-07
7.362164063409489956e-08
3.342456539655491623e-05
1.911757225282455230e-02
2.373966923145956343e-05
9.266208840686075421e-01
5.139077677969619388e-03
4.118258172512924864e-05
1.442051586897794846e-06
1.937873453755071106e-05
6.403918077085866967e-03
1.446551289003689383e-03
3.589619674850446501e-02
4.406765715567133590e-01
6.483791431173771959e-05
1.634795578103211315e-05
1.326414892570094159e-03
3.545068082762219239e-05
3.185433441227086249e-06
3.883945481769195043e-03
7.516052237634705867e-05
4.595980894424394302e-03
3.829431615994497295e-06
4.919686821988983717e-08
2.313780210204592646e-04
9.546696117302134743e-01
1.647719408498341236e-03
3.235016064453714868e-02
1.282527834401230660e-05
1.771358245141530560e-03
1.789855214623881433e-02
1.098863260566545717e-06
6.977545235131687703e-04
9.447351186485887162e-04
1.462512943376799001e-03
1.511977955797176067e-04
4.631475281811584942e-04
3.752201362108559376e-05
1.036379136991444159e-07
9.970767971291161214e-01
9.685167045788916074e-01
7.973593504804912246e-01
7.763689691217646738e-01
9.920649558841020399e-01
9.413655110751105726e-01
9.995018576856039560e-01
9.999515372442793204e-01
9.985600858387305712e-01
9.967261217972347431e-01
9.795091918858266355e-01
9.950567569714476868e-01
7.437243445058933089e-01
9.813443497525955461e-01
9.778914269114868940e-01
9.983267869881907730e-01
5.146882960651048000e-01
9.919267302456574731e-01
9.999538722283554115e-01
9.984379324212575568e-01
9.917901929816046458e-01
9.590442901903790673e-01
6.587858955274709105e-01
9.879896077851263447e-01
9.959286100050471768e-01
9.998053736649435974e-01
9.821205300628818025e-01
7.986386313070129583e-01
9.919731811190681814e-01
9.546621484398518653e-01
9.951706070420941463e-01
9.489075252413009531e-01
9.997937383290527169e-01
9.984741677033369678e-01
9.213563270755539270e-01
9.996517148652191986e-01
9.993030995309543085e-01
9.998282750975324706e-01
9.837088566891867281e-01
9.780812306717384663e-01
9.992231498897089503e-01
6.832983235802861932e-01
9.860807778854432382e-01
9.722215812897301301e-01
9.983023020640885425e-01
9.257302170225428783e-01
9.168343775038453325e-01
9.992963863318198303e-01
8.690131815021538975e-01
9.913662040033036638e-01
9.085352371693571349e-01
5.360067687340683840e-01
9.934535358237077673e-01
9.990416520437336301e-01
9.006272206181776818e-01
9.991623902366951748e-01
9.863604470416008629e-01
9.636132523562628283e-01
9.892836695753214338e-01
9.049082188433342777e-01
9.988732910229092266e-01
9.997378656706013000e-01
2.366419002452763432e-01
